{"asset":{"version":"0.0"},"properties":{"building":{"minimum":null,"maximum":null},"TARGET_FID":{"minimum":0,"maximum":366},"name":{"minimum":null,"maximum":null},"gridID":{"minimum":0,"maximum":"84"},"height":{"minimum":0,"maximum":250},"levels":{"minimum":0,"maximum":70}},"geometricError":100,"root":{"boundingVolume":{"region":[-1.3997485972188934,0.4495307895081363,-1.3995510434008602,0.44977082464016316,0,250]},"geometricError":40,"children":[{"refine":"add","transform":[0.9854050999356689,0.1702257002358176,0,0,-0.07397222521582524,0.4282115325728386,0.9006458756182921,0,0.15331307484162482,-0.8875010390702911,0.4345538018839094,0,978470.4559012171,-5664184.52704688,2754831.0521918326,1],"boundingVolume":{"box":[0,0,125,140,0,0,0,170,0,0,0,250]},"geometricError":0,"content":{"url":"gridID_0/gridID_0.b3dm"}},{"refine":"add","transform":[0.9853976269240092,0.17026895445891183,0,0,-0.07399102150291836,0.4282082851472104,0.9006458756182919,0,0.15335203157925775,-0.8874943085331614,0.4345538018839094,0,978719.0845121264,-5664141.571599404,2754831.0521918326,1],"boundingVolume":{"box":[0,0,125,140,0,0,0,170,0,0,0,250]},"geometricError":0,"content":{"url":"gridID_1/gridID_1.b3dm"}},{"refine":"add","transform":[0.9853938882201235,0.17029059004662223,0,0,-0.07400042332981391,0.42820666047922273,0.900645875618292,0,0.15337151758209566,-0.8874909412849264,0.4345538018839094,0,978843.4475392211,-5664120.08124107,2754831.0521918326,1],"boundingVolume":{"box":[0,0,125,140,0,0,0,170,0,0,0,250]},"geometricError":0,"content":{"url":"gridID_2/gridID_2.b3dm"}},{"refine":"add","transform":[0.9853901520137115,0.17031220835393665,0,0,-0.07400981764744771,0.42820503689652195,0.900645875618292,0,0.15339098802141626,-0.8874875762860309,0.4345538018839096,0,978967.7112372671,-5664098.605238409,2754831.0521918335,1],"boundingVolume":{"box":[0,0,125,140,0,0,0,170,0,0,0,250]},"geometricError":0,"content":{"url":"gridID_3/gridID_3.b3dm"}},{"refine":"add","transform":[0.9853864123601345,0.17033384377751534,0,0,-0.07401921940301918,0.4282034118158422,0.9006458756182919,0,0.1534104738764297,-0.8874842081824607,0.43455380188390946,0,979092.0733209206,-5664077.109421178,2754831.052191833,1],"boundingVolume":{"box":[0,0,125,140,0,0,0,170,0,0,0,250]},"geometricError":0,"content":{"url":"gridID_4/gridID_4.b3dm"}},{"refine":"add","transform":[0.9853826722315259,0.17035547911898016,0,0,-0.07402862112290778,0.4282017865287358,0.9006458756182922,0,0.15342995965748757,-0.8874808396510552,0.43455380188390946,0,979216.4349325768,-5664055.610873428,2754831.052191833,1],"boundingVolume":{"box":[0,0,125,140,0,0,0,170,0,0,0,250]},"geometricError":0,"content":{"url":"gridID_5/gridID_5.b3dm"}},{"refine":"add","transform":[0.9853789346015288,0.17037709718021396,0,0,-0.07403801533360628,0.42820016232741054,0.900645875618292,0,0.15344942987517662,-0.8874774733700136,0.43455380188390946,0,979340.6972161323,-5664034.12668789,2754831.052191833,1],"boundingVolume":{"box":[0,0,125,140,0,0,0,170,0,0,0,250]},"geometricError":0,"content":{"url":"gridID_6/gridID_6.b3dm"}},{"refine":"add","transform":[0.9854050999356689,0.1702257002358176,0,0,-0.07397590444419466,0.4282328309454935,0.900635446816342,0,0.15331129959151024,-0.8874907624756632,0.4345754157081694,0,978459.1875502449,-5664119.296646884,2754968.24534316,1],"boundingVolume":{"box":[0,0,125,140,0,0,0,170,0,0,0,250]},"geometricError":0,"content":{"url":"gridID_8/gridID_8.b3dm"}},{"refine":"add","transform":[0.9853901520137114,0.17031220835393662,0,0,-0.07401349874558837,0.42822633494609486,0.9006354468163418,0,0.15338921186912563,-0.887477299847292,0.4345754157081694,0,978956.4371597574,-5664033.375827913,2754968.24534316,1],"boundingVolume":{"box":[0,0,125,140,0,0,0,170,0,0,0,250]},"geometricError":0,"content":{"url":"gridID_10/gridID_10.b3dm"}},{"refine":"add","transform":[0.9853864123601345,0.17033384377751537,0,0,-0.07402290096878412,0.42822470978458704,0.9006354468163418,0,0.15340869749850752,-0.8874739317827217,0.4345754157081694,0,979080.7978112209,-5664011.880258234,2754968.24534316,1],"boundingVolume":{"box":[0,0,125,140,0,0,0,170,0,0,0,250]},"geometricError":0,"content":{"url":"gridID_11/gridID_11.b3dm"}},{"refine":"add","transform":[0.9853826722315259,0.17035547911898016,0,0,-0.07403230315629518,0.42822308441664214,0.9006354468163419,0,0.1534281830539347,-0.8874705632903213,0.4345754157081694,0,979205.1579906926,-5663990.381958068,2754968.24534316,1],"boundingVolume":{"box":[0,0,125,140,0,0,0,170,0,0,0,250]},"geometricError":0,"content":{"url":"gridID_12/gridID_12.b3dm"}},{"refine":"add","transform":[0.9853789346015287,0.17037709718021393,0,0,-0.07404169783424264,0.4282214601345324,0.9006354468163418,0,0.1534476530461733,-0.8874671970482587,0.4345754157081694,0,979329.4188432073,-5663968.898019948,2754968.24534316,1],"boundingVolume":{"box":[0,0,125,140,0,0,0,170,0,0,0,250]},"geometricError":0,"content":{"url":"gridID_13/gridID_13.b3dm"}},{"refine":"add","transform":[0.9853751935232399,0.1703987323574847,0,0,-0.074051099950399,0.42821983435387984,0.900635446816342,0,0.15346713845372148,-0.8874638277005424,0.4345754157081694,0,979453.7780788897,-5663947.394261008,2754968.24534316,1],"boundingVolume":{"box":[0,0,125,140,0,0,0,170,0,0,0,250]},"geometricError":0,"content":{"url":"gridID_14/gridID_14.b3dm"}},{"refine":"add","transform":[0.9854050999356688,0.17022570023581754,0,0,-0.07397958362996006,0.4282541290715217,0.9006250174957,0,0.15330952425310096,-0.8874804853699139,0.4345970292821499,0,978447.9186366962,-5664054.062990239,2755105.4369317573,1],"boundingVolume":{"box":[0,0,125,140,0,0,0,170,0,0,0,250]},"geometricError":0,"content":{"url":"gridID_15/gridID_15.b3dm"}},{"refine":"add","transform":[0.985401365152858,0.17024731878911906,0,0,-0.07398897898900227,0.428252505946007,0.9006250174957002,0,0.15332899446304638,-0.8874771217310795,0.43459702928214977,0,978572.1808864769,-5664032.595665018,2755105.436931757,1],"boundingVolume":{"box":[0,0,125,140,0,0,0,170,0,0,0,250]},"geometricError":0,"content":{"url":"gridID_16/gridID_16.b3dm"}},{"refine":"add","transform":[0.9853976269240093,0.17026895445891183,0,0,-0.07399838178682075,0.4282508813228547,0.9006250174957002,0,0.15334848008853205,-0.8874737549886573,0.4345970292821499,0,978696.5415209037,-5664011.108532163,2755105.4369317573,1],"boundingVolume":{"box":[0,0,125,140,0,0,0,170,0,0,0,250]},"geometricError":0,"content":{"url":"gridID_17/gridID_17.b3dm"}},{"refine":"add","transform":[0.9853938882201235,0.17029059004662223,0,0,-0.07400778454896643,0.42824925649325246,0.9006250174957,0,0.15336796564009222,-0.8874703878184046,0.43459702928214977,0,978820.9016835252,-5663989.61866882,2755105.436931757,1],"boundingVolume":{"box":[0,0,125,140,0,0,0,170,0,0,0,250]},"geometricError":0,"content":{"url":"gridID_18/gridID_18.b3dm"}},{"refine":"add","transform":[0.9853901520137115,0.1703122083539366,0,0,-0.07401717980110338,0.428247632749045,0.9006250174957002,0,0.15338743562849547,-0.8874670228974394,0.43459702928214977,0,978945.1625193855,-5663968.143160818,2755105.436931757,1],"boundingVolume":{"box":[0,0,125,140,0,0,0,170,0,0,0,250]},"geometricError":0,"content":{"url":"gridID_19/gridID_19.b3dm"}},{"refine":"add","transform":[0.9853864123601345,0.17033384377751534,0,0,-0.07402658249191797,0.42824600750671,0.9006250174957001,0,0.15340692103223463,-0.8874636548718714,0.4345970292821499,0,979069.5217385875,-5663946.647838703,2755105.436931757,1],"boundingVolume":{"box":[0,0,125,140,0,0,0,170,0,0,0,250]},"geometricError":0,"content":{"url":"gridID_20/gridID_20.b3dm"}},{"refine":"add","transform":[0.985382672231526,0.17035547911898016,0,0,-0.0740359851470461,0.4282443820579276,0.9006250174957002,0,0.15342640636201985,-0.8874602864184777,0.4345970292821499,0,979193.8804858031,-5663925.149786133,2755105.4369317573,1],"boundingVolume":{"box":[0,0,125,140,0,0,0,170,0,0,0,250]},"geometricError":0,"content":{"url":"gridID_21/gridID_21.b3dm"}},{"refine":"add","transform":[0.9853789346015288,0.17037709718021393,0,0,-0.07404538029223713,0.4282427576950343,0.9006250174957002,0,0.1534458761287968,-0.8874569202153962,0.4345970292821499,0,979318.1399072058,-5663903.666095444,2755105.4369317573,1],"boundingVolume":{"box":[0,0,125,140,0,0,0,170,0,0,0,250]},"geometricError":0,"content":{"url":"gridID_22/gridID_22.b3dm"}},{"refine":"add","transform":[0.9853751935232398,0.17039873235748465,0,0,-0.07405478287600699,0.4282411318335236,0.9006250174957001,0,0.15346536131070473,-0.8874535509066968,0.43459702928214994,0,979442.4977106428,-5663882.162584162,2755105.4369317573,1],"boundingVolume":{"box":[0,0,125,140,0,0,0,170,0,0,0,250]},"geometricError":0,"content":{"url":"gridID_23/gridID_23.b3dm"}},{"refine":"add","transform":[0.9854050999356689,0.17022570023581757,0,0,-0.07398326544884434,0.428275442440188,0.9006145800708465,0,0.1533077475351466,-0.8874702002782329,0.4346186583245281,0,978436.6409643905,-5663988.778630767,2755242.726731541,1],"boundingVolume":{"box":[0,0,125,140,0,0,0,170,0,0,0,250]},"geometricError":0,"content":{"url":"gridID_24/gridID_24.b3dm"}},{"refine":"add","transform":[0.985401365152858,0.17024731878911908,0,0,-0.07399266127547519,0.42827381923389374,0.9006145800708465,0,0.15332721751945003,-0.88746683667838,0.4346186583245283,0,978560.9017819142,-5663967.31155298,2755242.7267315416,1],"boundingVolume":{"box":[0,0,125,140,0,0,0,170,0,0,0,250]},"geometricError":0,"content":{"url":"gridID_25/gridID_25.b3dm"}},{"refine":"add","transform":[0.9853976269240092,0.1702689544589118,0,0,-0.07400206454125242,0.4282721945298868,0.9006145800708464,0,0.15334670291911492,-0.8874634699749753,0.4346186583245281,0,978685.2609829496,-5663945.824667788,2755242.726731541,1],"boundingVolume":{"box":[0,0,125,140,0,0,0,170,0,0,0,250]},"geometricError":0,"content":{"url":"gridID_26/gridID_26.b3dm"}},{"refine":"add","transform":[0.9853938882201235,0.17029059004662223,0,0,-0.0740114677713552,0.42827056961942017,0.9006145800708464,0,0.15336618824485534,-0.8874601028437451,0.4346186583245282,0,978809.6197121857,-5663924.335052138,2755242.726731541,1],"boundingVolume":{"box":[0,0,125,140,0,0,0,170,0,0,0,250]},"geometricError":0,"content":{"url":"gridID_27/gridID_27.b3dm"}},{"refine":"add","transform":[0.9853901520137115,0.17031220835393662,0,0,-0.07402086349107544,0.4282689457944022,0.9006145800708466,0,0.15338565800761914,-0.8874567379617763,0.43461865832452823,0,978933.8791158054,-5663902.859791666,2755242.7267315416,1],"boundingVolume":{"box":[0,0,125,140,0,0,0,170,0,0,0,250]},"geometricError":0,"content":{"url":"gridID_28/gridID_28.b3dm"}},{"refine":"add","transform":[0.9853864123601345,0.17033384377751537,0,0,-0.07403026664984351,0.42826732047118193,0.9006145800708463,0,0.15340514318554016,-0.8874533699752404,0.4346186583245282,0,979058.2369016326,-5663881.3647173075,2755242.726731541,1],"boundingVolume":{"box":[0,0,125,140,0,0,0,170,0,0,0,250]},"geometricError":0,"content":{"url":"gridID_29/gridID_29.b3dm"}},{"refine":"add","transform":[0.9853826722315259,0.17035547911898014,0,0,-0.07403966977292331,0.428265694941504,0.9006145800708464,0,0.15342462828950812,-0.8874500015608842,0.4346186583245281,0,979182.5942154789,-5663859.866912526,2755242.726731541,1],"boundingVolume":{"box":[0,0,125,140,0,0,0,170,0,0,0,250]},"geometricError":0,"content":{"url":"gridID_30/gridID_30.b3dm"}},{"refine":"add","transform":[0.9853789346015288,0.17037709718021396,0,0,-0.07404906538569235,0.42826407049776943,0.9006145800708466,0,0.15344409783064816,-0.887446635396814,0.4346186583245282,0,979306.852204657,-5663838.383469459,2755242.726731541,1],"boundingVolume":{"box":[0,0,125,140,0,0,0,170,0,0,0,250]},"geometricError":0,"content":{"url":"gridID_31/gridID_31.b3dm"}},{"refine":"add","transform":[0.9853751935232399,0.17039873235748465,0,0,-0.07405846843741035,0.4282624445553428,0.9006145800708465,0,0.15346358278674058,-0.8874432661271616,0.4346186583245282,0,979431.2085747357,-5663816.880206029,2755242.726731541,1],"boundingVolume":{"box":[0,0,125,140,0,0,0,170,0,0,0,250]},"geometricError":0,"content":{"url":"gridID_32/gridID_32.b3dm"}},{"refine":"add","transform":[0.9854050999356689,0.17022570023581757,0,0,-0.07398694454936441,0.4282967400727466,0.9006041497124624,0,0.15330597202008697,-0.887459922149887,0.4346402713977302,0,978425.3709252992,-5663923.538458562,2755379.915193306,1],"boundingVolume":{"box":[0,0,125,140,0,0,0,170,0,0,0,250]},"geometricError":0,"content":{"url":"gridID_33/gridID_33.b3dm"}},{"refine":"add","transform":[0.9854013651528578,0.17024731878911908,0,0,-0.07399634084323863,0.428295116785732,0.9006041497124622,0,0.15332544177890112,-0.8874565585889892,0.43464027139773026,0,978549.6303115352,-5663902.071628042,2755379.915193306,1],"boundingVolume":{"box":[0,0,125,140,0,0,0,170,0,0,0,250]},"geometricError":0,"content":{"url":"gridID_34/gridID_34.b3dm"}},{"refine":"add","transform":[0.9853976269240092,0.17026895445891185,0,0,-0.07400574457662921,0.4282934920009307,0.9006041497124623,0,0.1533449269528983,-0.8874531919245756,0.43464027139773026,0,978673.98808015,-5663880.584990344,2755379.915193306,1],"boundingVolume":{"box":[0,0,125,140,0,0,0,170,0,0,0,250]},"geometricError":0,"content":{"url":"gridID_35/gridID_35.b3dm"}},{"refine":"add","transform":[0.9853938882201235,0.1702905900466222,0,0,-0.07401514827434348,0.4282918670096591,0.9006041497124623,0,0.15336441205297166,-0.8874498248323415,0.4346402713977302,0,978798.3453769704,-5663859.095622222,2755379.915193306,1],"boundingVolume":{"box":[0,0,125,140,0,0,0,170,0,0,0,250]},"geometricError":0,"content":{"url":"gridID_36/gridID_36.b3dm"}},{"refine":"add","transform":[0.9853901520137115,0.1703122083539366,0,0,-0.07402454446130177,0.4282902431038902,0.9006041497124625,0,0.15338388159024877,-0.8874464599893427,0.4346402713977302,0,978922.6033493186,-5663837.62060911,2755379.915193306,1],"boundingVolume":{"box":[0,0,125,140,0,0,0,170,0,0,0,250]},"geometricError":0,"content":{"url":"gridID_37/gridID_37.b3dm"}},{"refine":"add","transform":[0.9853864123601346,0.17033384377751534,0,0,-0.07403394808767785,0.4282886176998446,0.9006041497124625,0,0.15340336654250458,-0.8874430920418128,0.4346402713977302,0,979046.9597027414,-5663816.125782342,2755379.915193306,1],"boundingVolume":{"box":[0,0,125,140,0,0,0,170,0,0,0,250]},"geometricError":0,"content":{"url":"gridID_38/gridID_38.b3dm"}},{"refine":"add","transform":[0.9853826722315259,0.17035547911898014,0,0,-0.0740433516783639,0.4282869920893311,0.9006041497124625,0,0.15342285142080825,-0.8874397236664674,0.43464027139773026,0,979171.3155841886,-5663794.628225179,2755379.915193306,1],"boundingVolume":{"box":[0,0,125,140,0,0,0,170,0,0,0,250]},"geometricError":0,"content":{"url":"gridID_39/gridID_39.b3dm"}},{"refine":"add","transform":[0.9853789346015288,0.17037709718021396,0,0,-0.07405274775836568,0.4282853675648149,0.9006041497124624,0,0.15344232073646416,-0.887436357541382,0.43464027139773037,0,979295.5721421117,-5663773.145029567,2755379.915193306,1],"boundingVolume":{"box":[0,0,125,140,0,0,0,170,0,0,0,250]},"geometricError":0,"content":{"url":"gridID_40/gridID_40.b3dm"}},{"refine":"add","transform":[0.9853751935232398,0.17039873235748468,0,0,-0.07406215127768634,0.4282837415415319,0.9006041497124624,0,0.15346180546689395,-0.8874329883107505,0.43464027139773026,0,979419.9270798023,-5663751.642013822,2755379.915193306,1],"boundingVolume":{"box":[0,0,125,140,0,0,0,170,0,0,0,250]},"geometricError":0,"content":{"url":"gridID_41/gridID_41.b3dm"}},{"refine":"add","transform":[0.9854050999356689,0.17022570023581757,0,0,-0.07399062360727413,0.42831803745864166,0.900593718835405,0,0.1533041964167358,-0.8874496435104379,0.4346618842206154,0,978414.1003236503,-5663858.295029816,2755517.102092104,1],"boundingVolume":{"box":[0,0,125,140,0,0,0,170,0,0,0,250]},"geometricError":0,"content":{"url":"gridID_42/gridID_42.b3dm"}},{"refine":"add","transform":[0.985401365152858,0.17024731878911906,0,0,-0.07400002036838627,0.4283164140909079,0.9005937188354048,0,0.15332366595004943,-0.887446279988497,0.4346618842206154,0,978538.3582785272,-5663836.828446575,2755517.102092104,1],"boundingVolume":{"box":[0,0,125,140,0,0,0,170,0,0,0,250]},"geometricError":0,"content":{"url":"gridID_43/gridID_43.b3dm"}},{"refine":"add","transform":[0.9853976269240093,0.17026895445891185,0,0,-0.07400942456938478,0.42831478922531285,0.900593718835405,0,0.1533431508983676,-0.8874429133630765,0.43466188422061536,0,978662.7146146498,-5663815.342056385,2755517.102092104,1],"boundingVolume":{"box":[0,0,125,140,0,0,0,170,0,0,0,250]},"geometricError":0,"content":{"url":"gridID_44/gridID_44.b3dm"}},{"refine":"add","transform":[0.9853938882201236,0.1702905900466222,0,0,-0.07401882873470518,0.42831316415323745,0.9005937188354051,0,0.15336263577276285,-0.8874395463098403,0.4346618842206154,0,978787.0704789831,-5663793.852935801,2755517.102092104,1],"boundingVolume":{"box":[0,0,125,140,0,0,0,170,0,0,0,250]},"geometricError":0,"content":{"url":"gridID_45/gridID_45.b3dm"}},{"refine":"add","transform":[0.9853901520137115,0.1703122083539366,0,0,-0.07402822538889611,0.42831154016671846,0.9005937188354048,0,0.15338210508454206,-0.8874361815058132,0.4346618842206154,0,978911.3270199886,-5663772.378170062,2755517.102092104,1],"boundingVolume":{"box":[0,0,125,140,0,0,0,170,0,0,0,250]},"geometricError":0,"content":{"url":"gridID_46/gridID_46.b3dm"}},{"refine":"add","transform":[0.9853864123601346,0.17033384377751537,0,0,-0.0740376294828748,0.4283099146818486,0.900593718835405,0,0.15340158981112145,-0.8874328135972913,0.4346618842206156,0,979035.6819409353,-5663750.883590894,2755517.1020921045,1],"boundingVolume":{"box":[0,0,125,140,0,0,0,170,0,0,0,250]},"geometricError":0,"content":{"url":"gridID_47/gridID_47.b3dm"}},{"refine":"add","transform":[0.9853826722315258,0.17035547911898016,0,0,-0.07404703354116164,0.42830828899050016,0.9005937188354048,0,0.15342107446374953,-0.8874294452609587,0.4346618842206155,0,979160.036389912,-5663729.3862813655,2755517.102092104,1],"boundingVolume":{"box":[0,0,125,140,0,0,0,170,0,0,0,250]},"geometricError":0,"content":{"url":"gridID_48/gridID_48.b3dm"}},{"refine":"add","transform":[0.9853789346015287,0.17037709718021396,0,0,-0.0740564300883907,0.42830666438520304,0.9005937188354048,0,0.15344054355391007,-0.88742607917486,0.4346618842206154,0,979284.2915165088,-5663707.9033332225,2755517.102092104,1],"boundingVolume":{"box":[0,0,125,140,0,0,0,170,0,0,0,250]},"geometricError":0,"content":{"url":"gridID_49/gridID_49.b3dm"}},{"refine":"add","transform":[0.9853751935232398,0.17039873235748465,0,0,-0.07406583407530863,0.428305038281065,0.9005937188354047,0,0.15346002805866593,-0.8874227099832511,0.4346618842206154,0,979408.6450217392,-5663686.400565172,2755517.102092104,1],"boundingVolume":{"box":[0,0,125,140,0,0,0,170,0,0,0,250]},"geometricError":0,"content":{"url":"gridID_50/gridID_50.b3dm"}},{"refine":"add","transform":[0.9854050999356688,0.17022570023581754,0,0,-0.0739943052982033,0.4283393500865997,0.9005832798530216,0,0.1533024194336498,-0.8874393568839593,0.43468351251131476,0,978402.820962035,-5663793.000891244,2755654.3871984417,1],"boundingVolume":{"box":[0,0,125,140,0,0,0,170,0,0,0,250]},"geometricError":0,"content":{"url":"gridID_51/gridID_51.b3dm"}},{"refine":"add","transform":[0.9854013651528579,0.17024731878911908,0,0,-0.07400370252688786,0.42833772663808906,0.9005832798530214,0,0.1533218887412878,-0.8874359934010057,0.4346835125113149,0,978527.0774844404,-5663771.534555474,2755654.387198442,1],"boundingVolume":{"box":[0,0,125,140,0,0,0,170,0,0,0,250]},"geometricError":0,"content":{"url":"gridID_52/gridID_52.b3dm"}},{"refine":"add","transform":[0.9853976269240093,0.17026895445891185,0,0,-0.0740131071958289,0.42833610169164255,0.9005832798530216,0,0.15334137346375157,-0.8874326268146083,0.4346835125113148,0,978651.4323869571,-5663750.048412983,2755654.387198442,1],"boundingVolume":{"box":[0,0,125,140,0,0,0,170,0,0,0,250]},"geometricError":0,"content":{"url":"gridID_53/gridID_53.b3dm"}},{"refine":"add","transform":[0.9853938882201235,0.17029059004662217,0,0,-0.07402251182909006,0.42833447653870516,0.9005832798530214,0,0.1533608581122933,-0.8874292598004004,0.43468351251131476,0,978775.7868176901,-5663728.559540131,2755654.3871984417,1],"boundingVolume":{"box":[0,0,125,140,0,0,0,170,0,0,0,250]},"geometricError":0,"content":{"url":"gridID_54/gridID_54.b3dm"}},{"refine":"add","transform":[0.9853901520137115,0.17031220835393665,0,0,-0.07403190895084807,0.4283328524713786,0.9005832798530216,0,0.15338032719839942,-0.8874258950353756,0.4346835125113148,0,978900.0419262407,-5663707.085021958,2755654.387198442,1],"boundingVolume":{"box":[0,0,125,140,0,0,0,170,0,0,0,250]},"geometricError":0,"content":{"url":"gridID_55/gridID_55.b3dm"}},{"refine":"add","transform":[0.9853864123601345,0.17033384377751537,0,0,-0.07404131351276395,0.4283312269056262,0.9005832798530213,0,0.15339981169912698,-0.8874225271658918,0.4346835125113149,0,979024.3954135978,-5663685.590690584,2755654.387198442,1],"boundingVolume":{"box":[0,0,125,140,0,0,0,170,0,0,0,250]},"geometricError":0,"content":{"url":"gridID_56/gridID_56.b3dm"}},{"refine":"add","transform":[0.985382672231526,0.1703554791189802,0,0,-0.07405071803898626,0.42832960113338536,0.9005832798530216,0,0.15341929612590408,-0.8874191588686023,0.4346835125113148,0,979148.7484289905,-5663664.0936288815,2755654.387198442,1],"boundingVolume":{"box":[0,0,125,140,0,0,0,170,0,0,0,250]},"geometricError":0,"content":{"url":"gridID_57/gridID_57.b3dm"}},{"refine":"add","transform":[0.9853789346015289,0.17037709718021396,0,0,-0.07406011505377702,0.4283279764472497,0.9005832798530218,0,0.15343876499039402,-0.8874157928215208,0.4346835125113147,0,979273.002123148,-5663642.610928398,2755654.3871984417,1],"boundingVolume":{"box":[0,0,125,140,0,0,0,170,0,0,0,250]},"geometricError":0,"content":{"url":"gridID_58/gridID_58.b3dm"}},{"refine":"add","transform":[0.9853751935232398,0.17039873235748468,0,0,-0.07406951950862689,0.4283263502621985,0.9005832798530214,0,0.15345824926930074,-0.8874124236689651,0.4346835125113149,0,979397.3541948056,-5663621.108408235,2755654.387198442,1],"boundingVolume":{"box":[0,0,125,140,0,0,0,170,0,0,0,250]},"geometricError":0,"content":{"url":"gridID_59/gridID_59.b3dm"}},{"refine":"add","transform":[0.9854050999356688,0.17022570023581757,0,0,-0.07399798427085497,0.42836064697895165,0.9005728479382578,0,0.1533006436536544,-0.8874290772219489,0.43470512483334695,0,978391.5492348807,-5663727.750947154,2755791.570969936,1],"boundingVolume":{"box":[0,0,125,140,0,0,0,170,0,0,0,250]},"geometricError":0,"content":{"url":"gridID_60/gridID_60.b3dm"}},{"refine":"add","transform":[0.9854013651528578,0.17024731878911903,0,0,-0.0740073819667666,0.42835902344972354,0.9005728479382575,0,0.1533201127357694,-0.8874257137779562,0.43470512483334695,0,978515.8043257837,-5663706.284858688,2755791.570969936,1],"boundingVolume":{"box":[0,0,125,140,0,0,0,170,0,0,0,250]},"geometricError":0,"content":{"url":"gridID_61/gridID_61.b3dm"}},{"refine":"add","transform":[0.9853976269240093,0.17026895445891188,0,0,-0.07401678710330477,0.4283573984224854,0.9005728479382578,0,0.15333959723253177,-0.8874223472305559,0.434705124833347,0,978640.1577956652,-5663684.798963728,2755791.570969936,1],"boundingVolume":{"box":[0,0,125,140,0,0,0,170,0,0,0,250]},"geometricError":0,"content":{"url":"gridID_62/gridID_62.b3dm"}},{"refine":"add","transform":[0.9853938882201235,0.1702905900466222,0,0,-0.07402619220416119,0.4283557731887458,0.9005728479382578,0,0.15335908165537285,-0.8874189802553498,0.43470512483334683,0,978764.5107937683,-5663663.31033844,2755791.570969936,1],"boundingVolume":{"box":[0,0,125,140,0,0,0,170,0,0,0,250]},"geometricError":0,"content":{"url":"gridID_63/gridID_63.b3dm"}},{"refine":"add","transform":[0.9853901520137114,0.1703122083539366,0,0,-0.074035589793141,0.42835414904067115,0.9005728479382576,0,0.15337855051595864,-0.8874156155293007,0.43470512483334695,0,978888.7644708329,-5663641.836067664,2755791.570969936,1],"boundingVolume":{"box":[0,0,125,140,0,0,0,170,0,0,0,250]},"geometricError":0,"content":{"url":"gridID_64/gridID_64.b3dm"}},{"refine":"add","transform":[0.9853864123601346,0.17033384377751534,0,0,-0.07404499482264862,0.4283525233940962,0.9005728479382579,0,0.15339803479098726,-0.8874122476988288,0.43470512483334695,0,979013.1165255709,-5663620.341983917,2755791.570969936,1],"boundingVolume":{"box":[0,0,125,140,0,0,0,170,0,0,0,250]},"geometricError":0,"content":{"url":"gridID_65/gridID_65.b3dm"}},{"refine":"add","transform":[0.9853826722315259,0.17035547911898016,0,0,-0.0740543998164609,0.42835089754102246,0.9005728479382578,0,0.15341751899206638,-0.887408879440556,0.43470512483334695,0,979137.4681083501,-5663598.845169872,2755791.570969936,1],"boundingVolume":{"box":[0,0,125,140,0,0,0,170,0,0,0,250]},"geometricError":0,"content":{"url":"gridID_66/gridID_66.b3dm"}},{"refine":"add","transform":[0.9853789346015288,0.17037709718021393,0,0,-0.07406379729846817,0.4283492727741079,0.9005728479382578,0,0.15343698763103855,-0.887405513432465,0.43470512483334683,0,979261.7203710381,-5663577.362716881,2755791.570969936,1],"boundingVolume":{"box":[0,0,125,140,0,0,0,170,0,0,0,250]},"geometricError":0,"content":{"url":"gridID_67/gridID_67.b3dm"}},{"refine":"add","transform":[0.9853751935232399,0.17039873235748468,0,0,-0.07407320222090445,0.4283476465082034,0.9005728479382576,0,0.15345647168424892,-0.8874021443189358,0.43470512483334695,0,979386.0710100929,-5663555.860444439,2755791.570969936,1],"boundingVolume":{"box":[0,0,125,140,0,0,0,170,0,0,0,250]},"geometricError":0,"content":{"url":"gridID_68/gridID_68.b3dm"}},{"refine":"add","transform":[0.985405099935669,0.1702257002358176,0,0,-0.0740016632008899,0.4283819436246033,0.9005624155048386,0,0.15329886778537044,-0.8874187970488527,0.43472673690502484,0,978380.2769451872,-5663662.49774663,2755928.753178228,1],"boundingVolume":{"box":[0,0,125,140,0,0,0,170,0,0,0,250]},"geometricError":0,"content":{"url":"gridID_69/gridID_69.b3dm"}},{"refine":"add","transform":[0.9854013651528579,0.17024731878911908,0,0,-0.07401106136402329,0.42838032001465887,0.9005624155048385,0,0.15331833664195135,-0.8874154336438231,0.43472673690502495,0,978504.530604517,-5663641.031905479,2755928.753178228,1],"boundingVolume":{"box":[0,0,125,140,0,0,0,170,0,0,0,250]},"geometricError":0,"content":{"url":"gridID_70/gridID_70.b3dm"}},{"refine":"add","transform":[0.9853976269240092,0.17026895445891188,0,0,-0.07402046696815306,0.42837869490662966,0.9005624155048384,0,0.15333782091300102,-0.8874120671354214,0.43472673690502495,0,978628.8826416915,-5663619.546258065,2755928.7531782286,1],"boundingVolume":{"box":[0,0,125,140,0,0,0,170,0,0,0,250]},"geometricError":0,"content":{"url":"gridID_71/gridID_71.b3dm"}},{"refine":"add","transform":[0.9853938882201236,0.1702905900466222,0,0,-0.07402987253659937,0.42837706959208915,0.9005624155048386,0,0.15335730511013027,-0.8874087001992192,0.43472673690502484,0,978753.2342070929,-5663598.057880351,2755928.753178228,1],"boundingVolume":{"box":[0,0,125,140,0,0,0,170,0,0,0,250]},"geometricError":0,"content":{"url":"gridID_72/gridID_72.b3dm"}},{"refine":"add","transform":[0.9853901520137115,0.1703122083539366,0,0,-0.07403927059279557,0.42837544536326716,0.9005624155048386,0,0.1533767737451845,-0.887405335512148,0.43472673690502484,0,978877.4864526003,-5663576.583856987,2755928.753178228,1],"boundingVolume":{"box":[0,0,125,140,0,0,0,170,0,0,0,250]},"geometricError":0,"content":{"url":"gridID_73/gridID_73.b3dm"}},{"refine":"add","transform":[0.9853826722315258,0.17035547911898016,0,0,-0.07405808155128635,0.42837219370196483,0.9005624155048382,0,0.15341574176987285,-0.8873985995014353,0.43472673690502484,0,979126.1872247418,-5663533.593454503,2755928.7531782286,1],"boundingVolume":{"box":[0,0,125,140,0,0,0,170,0,0,0,250]},"geometricError":0,"content":{"url":"gridID_74/gridID_74.b3dm"}},{"refine":"add","transform":[0.9853789346015287,0.17037709718021393,0,0,-0.07406747950050471,0.42837056885427244,0.9005624155048384,0,0.15343521018331607,-0.887395233532337,0.43472673690502484,0,979250.4380558891,-5663512.111249017,2755928.7531782286,1],"boundingVolume":{"box":[0,0,125,140,0,0,0,170,0,0,0,250]},"geometricError":0,"content":{"url":"gridID_75/gridID_75.b3dm"}},{"refine":"add","transform":[0.9853751935232398,0.17039873235748465,0,0,-0.07407688489052199,0.4283689425075155,0.9005624155048384,0,0.15345469401081888,-0.8873918644578365,0.43472673690502495,0,979374.7872622694,-5663490.609224307,2755928.7531782286,1],"boundingVolume":{"box":[0,0,125,140,0,0,0,170,0,0,0,250]},"geometricError":0,"content":{"url":"gridID_76/gridID_76.b3dm"}},{"refine":"add","transform":[0.9854050999356688,0.17022570023581757,0,0,-0.07400534476384495,0.4284032555117426,0.9005519749649794,0,0.1532970905371621,-0.8874085088876296,0.4347483644439332,0,978368.9958943183,-5663597.193829281,2756066.0335904122,1],"boundingVolume":{"box":[0,0,125,140,0,0,0,170,0,0,0,250]},"geometricError":0,"content":{"url":"gridID_77/gridID_77.b3dm"}},{"refine":"add","transform":[0.9854013651528579,0.17024731878911906,0,0,-0.07401474339453441,0.428401631821024,0.9005519749649794,0,0.15331655916803363,-0.8874051455215931,0.4347483644439332,0,978493.2481209618,-5663575.728235639,2756066.033590412,1],"boundingVolume":{"box":[0,0,125,140,0,0,0,170,0,0,0,250]},"geometricError":0,"content":{"url":"gridID_78/gridID_78.b3dm"}},{"refine":"add","transform":[0.9853976269240092,0.17026895445891183,0,0,-0.07402414946659047,0.4284000066321461,0.9005519749649794,0,0.15333604321319522,-0.8874017790522206,0.4347483644439332,0,978617.5987243158,-5663554.242835961,2756066.0335904122,1],"boundingVolume":{"box":[0,0,125,140,0,0,0,170,0,0,0,250]},"geometricError":0,"content":{"url":"gridID_79/gridID_79.b3dm"}},{"refine":"add","transform":[0.9853826722315259,0.17035547911898014,0,0,-0.07406176592103923,0.4283935051040482,0.9005519749649795,0,0.15341396316670292,-0.8873883115743697,0.4347483644439332,0,979114.8975732785,-5663468.291023464,2756066.0335904122,1],"boundingVolume":{"box":[0,0,125,140,0,0,0,170,0,0,0,250]},"geometricError":0,"content":{"url":"gridID_81/gridID_81.b3dm"}},{"refine":"add","transform":[0.9853789346015287,0.17037709718021396,0,0,-0.0740711643378031,0.4283918801755201,0.9005519749649795,0,0.15343343135444196,-0.8873849456442942,0.4347483644439333,0,979239.1469717723,-5663446.809065673,2756066.0335904122,1],"boundingVolume":{"box":[0,0,125,140,0,0,0,170,0,0,0,250]},"geometricError":0,"content":{"url":"gridID_82/gridID_82.b3dm"}},{"refine":"add","transform":[0.9853751935232399,0.17039873235748468,0,0,-0.07408057019573598,0.4283902537478527,0.9005519749649796,0,0.15345291495606175,-0.8873815766088525,0.4347483644439332,0,979363.4947443649,-5663425.307288891,2756066.0335904122,1],"boundingVolume":{"box":[0,0,125,140,0,0,0,170,0,0,0,250]},"geometricError":0,"content":{"url":"gridID_83/gridID_83.b3dm"}}]}}